   -5.7279    0.0041    0.6016 S   0  0  0  0  0  0  0  0  0  0  0  0
    0.1448   -1.0526   -1.3845 O   0  0  0  0  0  0  0  0  0  0  0  0
   -1.9451   -1.7177   -2.0256 O   0  0  0  0  0  0  0  0  0  0  0  0
   -3.5409   -1.9357    1.0229 O   0  0  0  0  0  0  0  0  0  0  0  0
    4.5697    0.3430   -0.0566 N   0  0  0  0  0  0  0  0  0  0  0  0
    3.1952    0.2063    0.2299 C   0  0  0  0  0  0  0  0  0  0  0  0
    5.5609   -0.3118    0.7735 C   0  0  0  0  0  0  0  0  0  0  0  0
    5.0076    1.1287   -1.1930 C   0  0  0  0  0  0  0  0  0  0  0  0
    0.4676   -0.0607    0.8117 C   0  0  0  0  0  0  0  0  0  0  0  0
    2.3392   -0.3555   -0.7146 C   0  0  0  0  0  0  0  0  0  0  0  0
    0.9854   -0.4810   -0.4092 C   0  0  0  0  0  0  0  0  0  0  0  0
    2.6937    0.6342    1.4610 C   0  0  0  0  0  0  0  0  0  0  0  0
    1.3331    0.5018    1.7531 C   0  0  0  0  0  0  0  0  0  0  0  0
   -0.9556   -0.2214    1.0653 C   0  0  0  0  0  0  0  0  0  0  0  0
    5.8420   -1.7068    0.2493 C   0  0  0  0  0  0  0  0  0  0  0  0
    5.2004    2.5763   -0.7839 C   0  0  0  0  0  0  0  0  0  0  0  0
   -1.7494   -0.7652    0.1350 C   0  0  0  0  0  0  0  0  0  0  0  0
   -1.2207   -1.2194   -1.1707 C   0  0  0  0  0  0  0  0  0  0  0  0
   -3.1701   -0.8847    0.4839 C   0  0  0  0  0  0  0  0  0  0  0  0
   -4.1061    0.2090    0.1713 C   0  0  0  0  0  0  0  0  0  0  0  0
   -3.8215    1.3825   -0.4305 C   0  0  0  0  0  0  0  0  0  0  0  0
   -4.9967    2.1782   -0.5553 C   0  0  0  0  0  0  0  0  0  0  0  0
   -6.1056    1.5483   -0.0345 C   0  0  0  0  0  0  0  0  0  0  0  0
    6.4938    0.2649    0.7745 H   0  0  0  0  0  0  0  0  0  0  0  0
    5.2409   -0.3715    1.8201 H   0  0  0  0  0  0  0  0  0  0  0  0
    5.9563    0.7380   -1.5806 H   0  0  0  0  0  0  0  0  0  0  0  0
    4.2960    1.0751   -2.0249 H   0  0  0  0  0  0  0  0  0  0  0  0
    2.7124   -0.7039   -1.6736 H   0  0  0  0  0  0  0  0  0  0  0  0
    3.3482    1.0844    2.2033 H   0  0  0  0  0  0  0  0  0  0  0  0
    0.9626    0.8434    2.7164 H   0  0  0  0  0  0  0  0  0  0  0  0
   -1.3421    0.1114    2.0240 H   0  0  0  0  0  0  0  0  0  0  0  0
    6.6067   -2.1954    0.8612 H   0  0  0  0  0  0  0  0  0  0  0  0
    4.9411   -2.3290    0.2733 H   0  0  0  0  0  0  0  0  0  0  0  0
    6.2016   -1.6795   -0.7847 H   0  0  0  0  0  0  0  0  0  0  0  0
    4.2621    3.0176   -0.4315 H   0  0  0  0  0  0  0  0  0  0  0  0
    5.9361    2.6679    0.0220 H   0  0  0  0  0  0  0  0  0  0  0  0
    5.5537    3.1676   -1.6345 H   0  0  0  0  0  0  0  0  0  0  0  0
   -2.8450    1.6944   -0.7780 H   0  0  0  0  0  0  0  0  0  0  0  0
   -5.0275    3.1624   -1.0045 H   0  0  0  0  0  0  0  0  0  0  0  0
   -7.1195    1.9212    0.0027 H   0  0  0  0  0  0  0  0  0  0  0  0